417
550
652
390
309
542
418
513
864
602
293
220
743
296
417
634
561
736
741
467
672
384
365
801
226
439
691
192
501
949
435
684
494
905
660
453
665
202
494
497
555
427
348
665
257
421
723
443
797
15
362
624
608
834
507
538
449
187
292
422
625
462
518
508
470
405
322
122
702
469
435
662
468
276
253
410
536
478
286
312
335
447
111
594
697
441
249
456
428
777
649
390
672
338
875
585
867
422
511
838
340
917
755
273
781
545
951
636
811
535
651
575
628
551
628
670
538
406
366
502
603
305
652
66
497
636
450
659
461
731
340
710
349
806
676
215
424
266
428
699
604
583
567
553
757
463
531
232
554
622
606
651
267
695
549
727
354
730
321
281
465
369
545
404
96
327
659
476
640
282
394
279
604
681
119
402
155
250
649
171
648
728
238
980
370
620
506
421
406
450
528
734
588
330
570
635
453
906
557
497
242
430
578
537
622
378
628
712
326
234
705
774
503
635
576
330
816
335
597
348
379
105
568
488
536
57
322
686
454
189
101
598
354
532
110
543
563
578
459
38
265
534
723
587
508
192
749
521
482
605
796
523
246
288
611
435
593
399
228
494
637
738
546
110
423
591
431
729
440
503
606
179
895
705
550
424
495
368
329
492
487
8
899
257
539
662
600
659
515
481
564
529
673
681
864
682
475
456
474
602
542
533
634
612
573
542
368
405
854
459
467
810
360
194
365
580
730
622
587
295
823
155
305
613
305
604
420
312
807
438
842
609
340
91
426
435
426
227
826
628
772
518
433
289
557
484
405
791
340
245
842
694
64
734
399
347
529
230
802
335
230
348
494
424
595
391
275
485
713
242
125
561
381
197
675
675
629
396
497
770
371
92
659
727
683
792
766
277
423
626
520
351
534
590
177
336
758
809
867
525
430
639
248
703
363
130
478
392
397
474
572
274
572
326
443
134
279
274
273
778
472
393
423
302
802
431
471
421
498
350
457
871
549
838
275
786
639
311
236
383
776
748
574
764
489
612
509
641
558
374
297
153
596
419
511
135
754
486
568
640
557
836
586
289
428
516
391
706
180
550
499
299
690
494
666
383
49
477
686
273
436
354
656
289
405
554
746
715
776
628
509
435
694
476
490
640
110
201
405
425
511
528
393
482
425
505
501
406
338
785
345
450
388
607
495
245
580
734
599
857
350
617
588
546
669
375
593
416
428
416
686
599
384
435
647
435
484
447
370
198
748
299
210
641
468
648
557
451
569
499
516
459
606
577
463
645
417
763
389
357
79
528
841
446
107
466
468
535
647
724
607
452
543
587
542
701
776
655
302
510
767
601
373
256
615
572
686
556
376
305
511
409
328
641
839
589
566
555
481
422
689
553
305
680
524
344
381
670
429
310
430
503
401
100
536
733
778
108
628
723
321
325
333
531
769
566
311
524
496
409
658
660
354
201
178
534
137
610
464
750
565
54
868
130
563
351
540
373
657
434
628
252
958
204
69
232
643
563
720
703
336
364
557
626
295
655
628
201
423
562
568
589
727
527
581
450
248
356
526
365
222
566
541
345
675
534
389
593
274
441
239
410
888
777
800
718
537
378
676
428
520
980
315
257
371
641
556
545
580
693
162
164
113
193
696
461
569
530
729
493
309
209
810
408
954
556
837
730
-1
