0
5
6
7
8
13
14
15
16
17
18
28
29
30
31
32
33
34
35
36
37
38
39
40
41
47
48
52
53
58
59
60
61
62
63
64
72
73
74
75
76
85
86
87
88
89
90
91
92
93
94
95
96
97
98
99
100
101
102
103
104
105
111
112
113
114
122
123
124
125
126
127
133
134
135
136
137
138
139
140
141
142
143
144
145
148
149
159
160
161
162
163
164
165
208
214
215
225
226
230
234
235
237
238
247
248
249
250
251
252
258
259
260
268
269
270
271
272
273
274
281
282
283
284
285
286
287
288
289
290
298
299
300
301
302
303
304
306
309
310
318
319
320
321
330
331
332
333
334
335
336
337
338
339
340
341
344
345
346
347
348
349
350
351
352
353
354
364
365
366
368
369
370
376
377
378
379
380
381
382
383
385
388
389
392
393
394
400
401
402
403
404
411
412
413
414
415
416
417
418
419
420
421
422
431
432
433
434
435
470
480
481
482
483
484
485
486
487
488
489
490
491
498
499
500
501
502
503
507
508
509
510
511
512
513
516
517
518
519
527
537
538
539
540
541
550
551
552
553
559
560
561
562
563
570
573
574
575
576
577
582
583
584
585
586
593
594
595
596
597
606
607
613
619
620
622
623
624
629
630
631
640
641
649
651
652
653
654
655
656
664
700
701
702
703
704
705
736
737
738
739
740
748
786
787
788
795
796
797
798
799
806
807
811
812
813
814
815
816
817
818
819
820
821
822
823
824
825
826
827
828
829
830
831
832
833
834
835
836
846
847
850
851
852
853
854
855
856
857
858
859
860
861
862
863
864
874
882
883
890
891
900
901
902
903
912
913
914
915
916
926
927
935
936
937
986
987
990
991
999
1000
1001
1002
1003
1004
1005
1006
1007
1008
1009
1010
1011
1018
1019
1020
1021
1022
1023
1024
1025
1026
1027
1034
1040
1041
1042
1043
1044
1045
1046
1047
1048
1049
1050
1058
1059
1060
1061
1062
1063
1064
1065
1066
1076
1077
1078
1079
1080
1084
1085
1090
1091
1092
1093
1094
1095
1096
1098
1099
1107
1108
1111
1112
1122
1123
1124
1125
1134
1135
1139
1140
1141
1142
1143
1144
1154
1155
1156
1157
1160
1161
1162
1163
1164
1165
1166
1167
1168
1169
1170
1171
1172
1175
1176
1177
1178
1179
1180
1181
1182
1183
1192
1193
1194
1204
1205
1206
1207
1208
1209
1210
1214
1215
1216
1221
1222
1227
1236
1238
1239
1240
1250
1251
1252
1253
1254
1255
1256
1257
1298
1299
1300
1304
1305
1308
1309
1310
1311
1312
1319
1326
1327
1328
-1
