5.4838   7.6504   2.9917   2.1864   
2.4823   5.7198   5.2653   4.5855   
9.8273   1.4225   0.6917   1.0983   
7.8488   4.6165   6.6989   0.6488   
9.6836   4.5272   6.7073   6.2583   
8.3469   4.4443   0.1526   4.0779   
9.9133   5.8828   1.8754   8.3751   
0.1199   1.0526   5.0990   4.2609   
1.7025   5.9814   1.5418   2.1340   
5.4715   4.9703   3.2419   6.1353   
9.8054   8.6566   9.6531   2.5427   
6.3331   4.0522   1.2365   6.0452   
9.3939   6.3318   3.9385   9.0444   
9.7861   4.4428   5.2782   3.8520   
0.3109   4.3304   1.9659   5.2460   
5.6048   2.8218   2.9950   5.4130   
6.8870   5.2981   4.6649   5.6290   
2.8499   4.2236   9.3291   5.7181   
1.5745   7.3099   2.0348   4.1748   
3.4774   4.3041   4.4225   3.2652   
6.3602   2.8320   7.9639   3.7239   
9.4122   4.2515   1.0468   1.9682   
6.7496   1.6853   9.1810   6.0993   
6.4461   1.9069   2.0327   8.0237   
2.9567   0.0681   0.3583   5.8987   
8.6080   6.7299   0.1656   2.2411   
6.2959   3.9547   0.1514   5.7882   
8.1317   8.2941   3.6696   9.0810   
8.7653   3.8604   3.5130   3.8068   
6.1963   5.7428   0.3731   4.1899   
3.9071   0.6099   1.8013   7.2287   
8.7195   9.8348   5.4873   0.4122   
5.2971   5.4120   4.3537   6.0130   
9.6964   6.4629   5.8702   1.2543   
5.8289   9.3712   9.8751   4.2869   
7.9073   8.0609   7.8113   6.5955   
5.9530   3.4324   8.3548   9.0360   
8.5546   8.4670   0.1531   5.7641   
3.5072   6.7365   2.5209   5.5277   
6.5824   2.2414   7.8540   0.7645   
5.3157   4.3420   7.8003   2.5541   
9.6624   9.8293   9.6972   8.8501   
7.2694   0.0574   3.8650   0.0300   
7.9681   6.7970   1.2455   5.2955   
7.9780   4.6503   7.6152   7.0247   
0.7200   0.3777   4.5700   4.7385   
2.2163   9.1648   6.9854   9.0440   
0.8613   7.0217   8.3506   4.9995   
1.6920   1.3324   5.7595   0.2452   
9.8699   4.3757   1.7649   7.8383   
4.2150   9.0175   1.0120   0.7504   
7.0772   5.0128   2.5891   4.0388   
0.9628   4.5149   8.2728   4.5490   
2.2444   3.0004   7.0472   4.9728   
3.3812   1.8241   0.5155   9.6890   
4.8985   2.3702   7.3697   7.9202   
7.5928   4.4881   6.7392   0.7821   
6.7242   6.6414   8.1622   3.4385   
8.3693   9.8126   6.3838   0.4169   
5.2321   5.0951   2.3544   1.2134   
1.2914   6.2839   3.6673   6.4860   
0.3760   1.1657   9.3811   8.8143   
6.1651   0.5720   3.6840   8.1833   
1.1619   5.8486   5.6641   7.4864   
6.9177   9.0901   3.6620   4.6184   
7.1524   8.5825   4.3876   5.1299   
3.2798   4.9254   7.0954   8.3152   
0.3757   8.3854   4.4632   4.1435   
9.4483   9.5199   5.7879   9.8784   
2.7699   6.0791   5.2523   2.9388   
2.0459   2.8268   5.8016   6.8050   
2.4785   1.9744   5.2652   1.6246   
0.2761   3.1223   2.4489   0.6979   
5.0867   0.7669   8.5415   2.1515   
8.3242   8.6055   7.1654   5.9186   
8.4959   5.0162   8.2107   4.0972   
2.6711   7.9936   4.9134   0.0964   
2.9866   7.7564   4.6834   6.5352   
5.7741   6.3818   6.4129   9.9117   
5.8820   6.3667   4.0667   5.9051   
7.5100   9.1234   3.5293   5.2474   
7.4783   7.5592   3.8795   1.7344   
4.8177   0.6720   4.3080   8.9738   
5.7323   4.6309   6.8808   9.3353   
7.2382   8.9448   4.4995   4.9580   
7.7369   5.6220   8.7571   2.3572   
0.2648   6.5548   1.7346   9.1519   
6.6662   2.6314   4.2027   3.7544   
2.0412   9.0172   5.4528   7.5183   
7.6962   1.6074   2.1798   0.7610   
9.4414   8.0048   6.0475   8.2070   
9.8392   5.0934   6.2202   0.8182   
2.4685   2.7336   9.6009   6.4606   
0.5932   3.3888   6.0323   2.3507   
5.1414   0.0295   2.4787   6.7446   
6.6801   9.3272   9.4951   9.1655   
5.3746   1.5085   1.3442   8.2719   
3.2822   6.6652   4.4414   4.4067   
9.5373   7.2577   9.0174   3.0492   
5.9764   7.1720   3.9662   1.2529   
0.6503   8.3476   6.8024   1.0352   
3.4051   6.3394   0.8185   3.1935   
2.2975   4.7397   0.3280   3.4890   
2.8799   0.6508   9.3679   8.5244   
7.8733   3.8528   6.3317   1.9148   
2.0147   1.1735   2.2361   1.3955   
0.2643   4.9605   8.0735   6.7184   
6.7185   3.5241   1.0016   3.0020   
2.2186   0.1664   7.6267   3.4332   
9.0500   3.7908   0.8027   8.1320   
7.5468   7.5800   3.1708   2.1551   
2.1402   6.3289   5.0495   9.9645   
2.8437   0.9225   2.4868   2.9564   
0.4276   7.8472   0.0140   8.0891   
5.7901   8.1752   0.0974   6.0984   
0.4966   6.4276   9.3770   8.6826   
1.1641   5.3239   8.5978   4.2957   
8.2843   0.0029   9.9766   7.2633   
4.6804   7.9823   0.4208   3.0278   
9.5820   3.3679   8.1773   8.7748   
9.4996   6.2885   0.0972   6.3455   
2.9866   4.5641   0.2785   8.4317   
5.0728   4.1072   9.8012   5.8632   
4.0369   8.8563   0.5357   5.2864   
4.2117   4.2981   5.0015   3.7853   
0.1048   4.0021   3.4332   9.2217   
8.9348   3.7669   0.7472   7.8214   
8.6871   7.7825   8.6090   4.9723   
4.8480   9.9405   2.8844   4.0229   
3.0548   2.9646   8.9234   6.9361   
2.7794   9.5325   5.3710   8.6138   
0.8916   4.0609   0.1390   5.3481   
5.1014   4.7408   7.0455   5.8959   
9.5766   7.3687   0.4141   6.5708   
7.0493   7.5297   9.3594   3.4979   
7.0349   5.2014   6.1831   3.8284   
8.3947   4.2728   4.7012   0.2759   
4.0318   6.2008   1.4847   2.2704   
7.2879   5.1343   5.2117   3.0217   
2.8008   9.1848   1.4006   4.5917   
7.6512   8.8195   9.9101   2.1329   
6.9269   8.2762   0.6015   5.5812   
7.3377   1.0818   6.9954   5.4740   
9.5220   6.3934   9.8633   6.4311   
5.8100   3.3322   2.6778   2.7328   
1.6704   2.7801   7.6820   8.2964   
2.2059   2.4892   8.6036   3.1960   
1.6662   6.7411   2.4431   8.6854   
6.2228   9.8034   9.0783   4.2125   
3.9449   2.2638   0.4359   6.0821   
6.9237   4.2427   3.7539   0.9356   
8.4419   6.4016   7.0662   3.2010   
1.7241   2.3065   7.5209   2.2152   
4.8042   7.1601   0.8793   3.6723   
4.8976   9.1520   5.0000   2.5697   
2.8821   6.2038   6.8306   7.3280   
6.4681   7.9630   5.3453   2.8120   
1.2216   7.5226   5.7087   0.7402   
6.3320   8.8424   2.0138   2.3139   
1.1287   8.4570   3.2332   1.3159   
2.8101   0.2877   4.8997   3.1023   
8.4936   0.6115   7.5178   0.9554   
3.1480   5.1658   8.2707   8.5376   
8.5283   7.4225   3.6727   6.3277   
7.3190   9.1699   7.1725   7.7133   
3.0731   5.6542   5.1773   8.6525   
1.0769   0.7176   0.8064   7.4311   
2.6447   3.9993   8.3511   1.7881   
5.1149   9.4272   1.7532   2.0901   
8.8685   5.6389   3.6903   8.4411   
8.6705   9.0382   9.8611   8.2466   
6.1604   2.2224   7.5166   6.6268   
5.8840   3.3250   4.7136   0.9212   
2.7164   3.9301   9.9249   3.4698   
5.1291   6.2662   3.2794   2.5960   
6.3212   6.7283   5.9129   9.0069   
5.0927   5.1993   6.9496   9.8618   
0.2801   6.0992   3.0068   8.2314   
6.9103   5.6057   1.6426   0.0499   
1.2042   2.7402   6.2269   9.6029   
0.9972   0.3299   5.8575   9.2372   
5.8862   7.6675   6.6602   4.4608   
9.7499   4.9307   2.9864   8.9397   
3.1600   0.5886   1.8844   4.6410   
4.2812   2.9597   4.1449   6.5814   
0.6270   9.0440   4.1333   1.7383   
1.3804   4.8379   3.3114   5.1042   
6.8828   1.8000   4.6426   4.2344   
7.2465   0.2222   8.3836   1.5802   
0.3133   9.1650   8.5025   2.0422   
0.4686   2.0256   7.5171   9.3656   
5.4763   3.9718   3.6175   2.6213   
3.6066   1.2112   8.8068   4.6297   
2.8056   0.2393   2.5975   4.5551   
8.1975   5.9290   9.7167   4.5945   
1.6061   5.7768   8.3897   3.1056   
7.8951   6.4009   0.6808   0.5154   
6.4346   5.9073   6.7472   2.6276   
1.2310   6.2205   8.9871   8.0463   
1.5516   4.4754   5.0331   0.5756   
5.4159   2.0442   5.7267   2.2325   
8.8989   0.2473   5.7637   7.6923   
4.4082   9.6934   5.9363   6.6887   
9.8552   6.9519   6.7116   7.5693   
7.4617   8.9096   8.3602   2.9038   
3.1473   8.3459   9.8857   6.5764   
5.0027   9.4813   7.1398   8.2004   
0.7827   0.3830   5.7444   4.0595   
2.2515   9.6794   5.9709   0.0995   
4.2630   5.5185   9.0889   5.6495   
8.0038   3.0067   2.8504   4.5483   
6.9060   8.5904   6.6355   2.7047   
4.1074   6.2974   3.1465   4.7989   
3.0625   3.6666   5.4026   3.5711   
5.9697   9.9632   7.8072   8.0726   
0.4788   8.9197   9.0140   6.7222   
2.3992   4.5852   9.1879   0.5540   
0.2144   0.2642   9.1789   3.1063   
4.0516   9.1215   9.2905   4.6667   
1.6470   8.0927   8.3040   7.4974   
9.3310   5.7211   3.3107   1.8333   
7.8084   4.3012   1.6472   6.8945   
9.1968   8.1676   3.6542   6.7333   
1.2970   0.1295   7.1088   9.4398   
8.2498   3.8045   7.8504   0.7850   
8.4625   8.2322   1.0193   0.6865   
1.2880   0.3704   5.8970   1.8937   
7.2412   4.7845   7.7549   2.7167   
9.5001   8.6390   0.9966   2.6242   
8.8696   6.2182   6.8245   2.3423   
2.2861   0.6387   3.7282   0.9418   
7.5053   2.8371   7.1095   3.0143   
9.4880   6.4753   5.0226   4.6122   
6.7502   5.9427   5.7940   6.1598   
2.9629   8.2412   2.1152   9.9150   
9.3489   5.0561   4.4252   3.1192   
0.3328   5.6292   6.7537   6.3435   
2.8750   5.5370   0.9634   4.5346   
1.3206   3.3470   3.8500   9.7199   
0.7560   6.1924   0.1879   1.5275   
8.9889   1.8246   3.9691   1.0732   
7.3442   2.5682   5.6282   3.7667   
0.7168   4.8933   7.8316   1.7576   
3.6030   0.9632   0.5783   8.3464   
9.7526   4.3262   8.1731   6.2586   
2.1004   6.0281   6.7323   8.4197   
5.2434   1.7895   9.9061   3.2607   
0.0877   7.0298   6.2826   9.8892   
7.0962   8.5422   8.7235   8.1952   
4.2309   3.3184   8.2692   8.2158   
9.7751   5.1238   6.2902   9.9461   
8.9348   5.6077   1.2807   1.1899   
9.7232   8.6478   3.1158   6.3879   
6.2101   1.5376   3.3821   5.3152   
8.3225   1.8381   4.4206   5.3064   
6.4393   0.2847   3.6725   8.4683   
4.3127   3.7449   5.4727   9.5011   
1.5403   1.7828   1.7399   8.0297   
0.0945   7.3279   7.8753   4.3944   
7.6010   7.8934   5.8275   9.9487   
2.3633   7.4044   5.6020   3.0761   
7.3993   3.0919   7.3879   2.4421   
8.6201   3.5585   1.9409   3.0890   
8.8661   9.2912   9.6743   0.6831   
1.1333   0.6079   0.5842   2.0138   
3.2031   7.4307   3.4454   6.5981   
1.9752   2.2718   4.8541   9.0668   
4.2011   9.2314   6.2532   5.0605   
1.2773   0.6881   9.6718   8.4919   
4.2286   8.9417   0.2550   1.1011   
0.2643   6.6320   7.0242   2.6144   
1.1452   7.4502   2.7428   7.2965   
7.4766   4.3204   7.0840   5.4068   
5.3602   7.4621   4.0669   1.3635   
5.5113   6.5286   1.1877   6.3139   
2.6783   5.7572   9.3813   2.4644   
6.3982   4.0875   9.8663   6.7706   
9.9590   8.3106   5.9869   5.9155   
7.0294   1.0965   9.7465   7.0349   
9.0808   4.1081   0.5840   1.4469   
2.5117   0.0670   9.9430   3.4357   
2.3494   8.9915   6.5486   6.8637   
6.2901   0.3599   9.3656   5.3110   
0.6248   3.2108   7.1015   4.7704   
1.5726   7.7200   1.5412   4.8829   
3.4823   8.8447   8.2544   1.0374   
5.4827   1.3533   7.3869   3.8620   
1.0688   7.6865   5.2020   7.7347   
2.6583   3.3672   5.5030   2.0602   
8.8609   1.7062   4.8658   7.3863   
1.8187   9.8182   8.8982   4.2009   
9.3278   3.6647   2.3003   1.6090   
4.0211   1.6229   2.3579   1.1174   
8.9576   2.6245   7.9904   2.2182   
2.5211   1.8529   2.5131   2.4497   
3.5804   5.2682   4.2503   5.5870   
4.3110   1.4049   8.7817   1.6112   
6.0383   3.0078   0.3797   5.6089   
7.8662   2.5457   5.6269   2.9730   
8.4699   4.5398   6.1349   9.8131   
1.4253   3.8082   6.8249   7.5708   
0.8290   4.8745   6.2061   1.0852   
0.5189   6.6393   7.5507   5.2003   
2.7849   0.1201   4.6977   4.3522   
4.1733   4.7259   5.9181   7.1511   
9.1536   0.2954   6.5597   7.4346   
2.3822   1.6990   6.4789   7.6616   
2.3342   9.4704   1.0045   8.1241   
0.8125   8.9217   2.3459   1.6581   
9.7542   0.7415   9.6487   3.6428   
8.9756   8.1545   9.2527   6.9300   
1.5940   0.6332   3.1700   5.2604   
7.1900   9.6708   1.6022   2.7292   
6.4086   4.9296   6.9867   4.7032   
5.1334   5.3271   9.8426   8.1751   
7.2844   4.3694   9.9946   4.5542   
3.9556   9.4560   5.5134   7.6276   
2.7379   4.3704   3.4293   3.6936   
2.6658   6.2676   8.5221   8.5951   
4.4806   6.9466   8.2514   7.6326   
4.8157   7.0442   9.6463   8.0587   
2.6574   2.4588   2.8296   8.4676   
8.5103   6.0867   7.7358   3.4062   
1.9776   1.1968   1.7012   2.2904   
3.0144   8.2196   1.8182   5.5366   
3.5859   4.9270   0.9225   0.7890   
1.6083   8.6963   7.1753   1.5196   
8.3322   6.2025   9.9674   1.8866   
2.5988   2.6778   3.5460   9.4656   
4.2452   4.7158   5.3471   3.8041   
0.9759   2.7358   5.9797   7.4634   
9.2592   6.2462   8.6931   2.8860   
1.8148   3.2560   6.2021   1.0737   
2.6705   2.8937   8.1810   8.5060   
6.2097   9.3387   2.8364   1.8274   
3.6852   4.2407   3.3748   3.2718   
4.7956   6.4954   2.8140   7.3770   
5.6013   1.8402   0.5742   1.5008   
4.7717   6.7171   5.3714   7.3131   
0.4683   6.7509   7.3581   8.9010   
5.5329   4.3878   7.9842   1.7979   
6.5680   5.9854   3.5688   6.2496   
7.8768   3.4486   3.5257   1.1985   
3.8329   4.9094   3.9079   5.0039   
0.0452   8.0549   4.3830   4.3101   
9.3358   8.6486   6.7616   9.7719   
7.9866   8.2631   2.4766   5.0815   
4.4724   7.2064   6.8796   9.8586   
4.5081   1.0827   9.9968   9.4221   
0.1350   7.0907   1.6326   2.5283   
7.2701   2.5843   1.4424   1.4774   
2.4580   5.0271   4.5270   9.8400   
0.9294   6.7793   5.4072   1.7349   
7.4855   8.0916   8.6224   8.4400   
7.0682   9.0312   6.4277   1.8903   
5.3913   5.2948   6.8689   8.1349   
1.7233   6.2776   4.1180   1.8045   
6.9370   3.9746   9.1193   0.2802   
0.1368   8.1127   3.3501   2.5884   
2.6444   7.1875   4.7347   1.2840   
8.2876   5.2524   6.5634   6.9552   
1.2491   6.9910   7.0720   3.4472   
4.0640   7.7382   3.8878   9.4923   
5.5891   7.2136   4.2588   8.8967   
9.9634   3.0999   5.8259   2.3894   
4.7930   7.7690   2.6525   6.1459   
1.6869   7.9225   9.0110   9.8538   
9.3487   5.0778   1.8551   1.5946   
6.6109   0.2305   7.8619   6.5305   
4.1866   5.3813   6.1441   0.1337   
0.7848   8.9785   4.8022   9.9009   
2.3099   5.7321   3.3041   7.2045   
0.2434   2.1986   7.6793   5.8958   
3.9691   4.4449   8.0957   4.9265   
6.9094   1.9666   6.1268   5.2995   
1.4091   6.4784   6.9015   0.7327   
1.4439   2.6790   1.3661   2.8119   
0.7835   9.8966   3.6068   2.5419   
7.0433   8.3024   1.9104   1.5981   
0.7484   5.5618   4.4586   1.8201   
7.2840   5.4304   0.0530   3.7632   
4.9749   0.3112   5.8157   2.5902   
0.8592   7.4318   4.0711   8.4613   
4.1496   2.0442   2.0284   9.7413   
6.7550   2.8523   9.9158   5.0137   
8.5280   9.0436   0.1290   6.2650   
7.5305   8.4488   0.1134   6.0347   
5.4574   9.2686   1.1545   2.2392   
6.0380   6.1643   3.6960   8.1211   
3.6479   9.2699   0.2895   8.0421   
5.7183   6.6262   2.2687   6.4776   
8.5048   5.0486   7.9363   3.3111   
5.9395   6.4584   4.2260   7.3204   
5.2253   4.0504   6.4631   8.8089   
-1
